   0.0000000       1.8407599       0.0000000       1.5587505    
  7.40000010E-02   1.8556888      -23.707212       1.5587505    
  0.14800000       1.7803036      -4.1274838       1.5587505    
  0.22200000       1.6660421      -2.3792303       1.5587505    
  0.29600000       1.5399568      0.68920946       1.5587505    
  0.37000000       1.4159899       1.9434454       1.5587505    
  0.44400001       1.3010477       1.4253335       1.5587505    
  0.51800001       1.1955941       2.7517622       1.5587505    
  0.59200001       1.1028651       1.5098863       1.5587505    
  0.66600001       1.0203384       2.3872406       1.5587505    
  0.74000001      0.94881511      0.99744356       1.5587505    
  0.81400001      0.88470978       1.7507888       1.5587505    
  0.88800001      0.82915884       1.3723738       1.5587505    
  0.96200001      0.78091151      0.76219547       1.5587505    
   1.0360000      0.73776686       1.1698148       1.5587505    
   1.1100000      0.70034331      0.82708991       1.5587505    
   1.1840000      0.66773057      0.79298228       1.5587505    
   1.2580000      0.63915396      0.42332754       1.5587505    
   1.3320000      0.61341846      0.62669140       1.5587505    
   1.4060000      0.59077793      0.46103555       1.5587505    
   1.4800000      0.57078606      0.43126798       1.5587505    
   1.5540000      0.55314547      0.39017129       1.5587505    
   1.6280000      0.53750324      0.19763675       1.5587505    
   1.7020000      0.52322465      0.31340262       1.5587505    
   1.7760000      0.51048911      0.23945288       1.5587505    
   1.8500000      0.49911320      0.21853177       1.5587505    
   1.9240000      0.48892394      0.18660878       1.5587505    
   1.9980000      0.47978488      0.18573090       1.5587505    
   2.0720000      0.47159073      0.10579908       1.5587505    
   2.1459999      0.46407369      0.13296142       1.5587505    
   2.2200000      0.45724705      0.11884568       1.5587505    
   2.2940001      0.45106930      0.10263160       1.5587505    
   2.3680000      0.44545850      9.18190405E-02   1.5587505    
   2.4419999      0.44036078      9.22672302E-02   1.5587505    
   2.5160000      0.43575376      7.67792612E-02   1.5587505    
   2.5900002      0.43157244      6.70456439E-02   1.5587505    
   2.6640000      0.42773268      2.92726569E-02   1.5587505    
   2.7379999      0.42411640      6.07377030E-02   1.5587505    
   2.8120000      0.42078653      4.15946655E-02   1.5587505    
   2.8860002      0.41769931      3.87526304E-02   1.5587505    
   2.9600000      0.41482997      4.21186648E-02   1.5587505    
   3.0339999      0.41217741      3.02993115E-02   1.5587505    
   3.1080000      0.40969813      2.65443400E-02   1.5587505    
   3.1820002      0.40736550      2.42136605E-02   1.5587505    
   3.2560000      0.40515298      8.18900764E-03   1.5587505    
   3.3299999      0.40300125      9.64494795E-03   1.5587505    
   3.4040000      0.40090704      1.62611306E-02   1.5587505    
   3.4780002      0.39889315      1.33131137E-02   1.5587505    
   3.5520000      0.39695185      1.00247702E-02   1.5587505    
   3.6259999      0.39506930      1.09492969E-02   1.5587505    
   3.7000000      0.39323691      1.14159298E-03   1.5587505    
   3.7740002      0.39142454      6.42781658E-03   1.5587505    
   3.8480000      0.38963863      2.13765213E-03   1.5587505    
   3.9219999      0.38787258      6.76925015E-03   1.5587505    
   3.9960001      0.38612068     -1.36976857E-02   1.5587505    
   4.0700002      0.38432950      4.98343119E-03   1.5587505    
   4.1440001      0.38254115     -3.14015406E-03   1.5587505    
   4.2179999      0.38074273     -3.45991226E-03   1.5587505    
   4.2919998      0.37892383     -5.45367971E-03   1.5587505    
   4.3660002      0.37707761     -4.65611275E-03   1.5587505    
   4.4400001      0.37520471     -5.16046677E-03   1.5587505    
   4.5139999      0.37330654     -2.39269994E-03   1.5587505    
   4.5880003      0.37138489     -1.09866187E-02   1.5587505    
   4.6620002      0.36941862     -2.55759293E-03   1.5587505    
   4.7360001      0.36741608     -1.85232610E-02   1.5587505    
   4.8099999      0.36533484     -9.58916172E-03   1.5587505    
   4.8839998      0.36319777     -4.28135134E-03   1.5587505    
   4.9580002      0.36102629     -1.09856566E-02   1.5587505    
   5.0320001      0.35880634     -4.88684559E-03   1.5587505    
   5.1059999      0.35654697     -1.26685668E-02   1.5587505    
   5.1800003      0.35423356     -3.62439407E-03   1.5587505    
   5.2540002      0.35188276     -1.38311153E-02   1.5587505    
   5.3280001      0.34947202     -6.71885349E-03   1.5587505    
   5.4020000      0.34701458     -1.04627311E-02   1.5587505    
   5.4759998      0.34450740     -5.92989521E-03   1.5587505    
   5.5500002      0.34195149     -1.91893037E-02   1.5587505    
   5.6240001      0.33931965     -5.33404294E-04   1.5587505    
   5.6980000      0.33665544     -1.41396858E-02   1.5587505    
   5.7720003      0.33393502     -4.47440241E-03   1.5587505    
   5.8460002      0.33117339     -1.31424433E-02   1.5587505    
   5.9200001      0.32835710     -2.84348405E-03   1.5587505    
   5.9940000      0.32551122     -7.90940411E-03   1.5587505    
   6.0679998      0.32262796     -6.46735728E-03   1.5587505    
   6.1420002      0.31970739     -7.08341226E-03   1.5587505    
   6.2160001      0.31674686     -9.00894683E-03   1.5587505    
   6.2900000      0.31373581     -1.22295404E-02   1.5587505    
   6.3640003      0.31066635     -6.05344772E-03   1.5587505    
   6.4380002      0.30756190     -1.91397453E-03   1.5587505    
   6.5120001      0.30443728     -8.39777105E-03   1.5587505    
   6.5860000      0.30127773     -2.76571792E-03   1.5587505    
   6.6599998      0.29809403     -6.98906090E-03   1.5587505    
   6.7340002      0.29487833     -4.32580942E-03   1.5587505    
   6.8080001      0.29163566     -5.28262649E-03   1.5587505    
   6.8820000      0.28837067      9.98336822E-04   1.5587505    
   6.9560003      0.28509077     -1.50144482E-02   1.5587505    
   7.0300002      0.28175902      2.21816986E-03   1.5587505    
   7.1040001      0.27841690     -5.22199599E-03   1.5587505    
   7.1780000      0.27505460     -3.43699963E-03   1.5587505    
   7.2519999      0.27167585      9.44795494E-04   1.5587505    
   7.3260002      0.26829141     -6.55534212E-03   1.5587505    
   7.4000001      0.26488647      2.78683682E-03   1.5587505    
   7.4740000      0.26148364     -2.27376283E-03   1.5587505    
   7.5480003      0.25807667      1.79347489E-03   1.5587505    
   7.6220002      0.25466648     -8.45075492E-03   1.5587505    
   7.6960001      0.25122958      2.75137089E-03   1.5587505    
   7.7700000      0.24779235     -2.93047959E-03   1.5587505    
   7.8439999      0.24434836      1.57452549E-03   1.5587505    
   7.9180002      0.24091116      4.08544019E-03   1.5587505    
   7.9920001      0.23749058      2.80412496E-04   1.5587505    
   8.0660000      0.23407643      1.82979298E-03   1.5587505    
   8.1400003      0.23067139      2.41669081E-03   1.5587505    
   8.2139997      0.22727509     -1.97683764E-03   1.5587505    
   8.2880001      0.22387436      6.89569395E-04   1.5587505    
   8.3620005      0.22047822      4.24707355E-03   1.5587505    
   8.4359999      0.21710144      3.48324701E-03   1.5587505    
   8.5100002      0.21374516      4.33361437E-03   1.5587505    
   8.5839996      0.21040969      1.92763493E-03   1.5587505    
   8.6580000      0.20709148      6.92614540E-03   1.5587505    
   8.7320004      0.20380205      1.89476402E-03   1.5587505    
   8.8059998      0.20052662      7.96060776E-04   1.5587505    
   8.8800001      0.19726108      5.79208601E-03   1.5587505    
   8.9540005      0.19402125      4.21556830E-03   1.5587505    
   9.0279999      0.19080757      5.93809504E-03   1.5587505    
   9.1020002      0.18762307      4.06184839E-03   1.5587505    
   9.1760006      0.18446366      5.30913472E-03   1.5587505    
   9.2500000      0.18133502      8.35647341E-03   1.5587505    
   9.3240004      0.17824045     -1.35103369E-03   1.5587505    
   9.3979998      0.17515622      8.33500735E-03   1.5587505    
   9.4720001      0.17210625      5.59034059E-03   1.5587505    
   9.5460005      0.16908918      5.35349129E-03   1.5587505    
   9.6199999      0.16610298      6.76651997E-03   1.5587505    
   9.6940002      0.16315046      4.53819148E-03   1.5587505    
   9.7679996      0.16023032      1.05179744E-02   1.5587505    
   9.8420000      0.15735248     -2.32839491E-04   1.5587505    
   9.9160004      0.15449165      9.05887503E-03   1.5587505    
   9.9899998      0.15166926      6.08094595E-03   1.5587505    
   10.064000      0.14888269      5.89124486E-03   1.5587505    
   10.138000      0.14613074      8.29778425E-03   1.5587505    
   10.212000      0.14341976      5.76223247E-03   1.5587505    
   10.286000      0.14074437      7.69670820E-03   1.5587505    
   10.360001      0.13810462      2.48866761E-03   1.5587505    
   10.434000      0.13548967      9.49607603E-03   1.5587505    
   10.508000      0.13291685      5.72027545E-03   1.5587505    
   10.582000      0.13038136      8.48639756E-03   1.5587505    
   10.656000      0.12788777      6.28123246E-03   1.5587505    
   10.730000      0.12543240      8.26717727E-03   1.5587505    
   10.804000      0.12301561      2.88674026E-03   1.5587505    
   10.878000      0.12062430      8.13102070E-03   1.5587505    
   10.952000      0.11827163      6.90806424E-03   1.5587505    
   11.026000      0.11595841      7.48741627E-03   1.5587505    
   11.100000      0.11368509      6.84953295E-03   1.5587505    
   11.174000      0.11144999      6.97796838E-03   1.5587505    
   11.248000      0.10925301      7.02644885E-03   1.5587505    
   11.322001      0.10709096      3.19461757E-03   1.5587505    
   11.396000      0.10495512      8.87604989E-03   1.5587505    
   11.470000      0.10286043      6.41837437E-03   1.5587505    
   11.544001      0.10080385      7.21463189E-03   1.5587505    
   11.618000      9.87858325E-02  6.94077834E-03   1.5587505    
   11.692000      9.68050212E-02  5.81924012E-03   1.5587505    
   11.766000      9.48567837E-02  5.44556929E-03   1.5587505    
   11.840000      9.29385871E-02  5.34123136E-03   1.5587505    
   11.914001      9.10530090E-02  8.92901327E-03   1.5587505    
   11.988000      8.92092884E-02  4.77926247E-03   1.5587505    
   12.062000      8.73979703E-02  7.48315360E-03   1.5587505    
   12.136000      8.56243297E-02  6.54589245E-03   1.5587505    
   12.210000      8.38836655E-02  2.49002618E-03   1.5587505    
   12.284000      8.21653306E-02  7.95982778E-03   1.5587505    
   12.358000      8.04832503E-02  5.37045719E-03   1.5587505    
   12.432000      7.88349807E-02  7.62816425E-03   1.5587505    
   12.506001      7.72232339E-02  4.13401239E-03   1.5587505    
   12.580000      7.56406039E-02  7.71652162E-03   1.5587505    
   12.654000      7.40922838E-02  2.61508208E-03   1.5587505    
   12.728001      7.25657940E-02  5.74211683E-03   1.5587505    
   12.802000      7.10689053E-02  6.82897540E-03   1.5587505    
   12.876000      6.96070343E-02  5.33161312E-03   1.5587505    
   12.950000      6.81755766E-02  5.14765549E-03   1.5587505    
   13.024000      6.67740330E-02  6.87445886E-03   1.5587505    
   13.098001      6.54030517E-02  8.41032015E-04   1.5587505    
   13.172000      6.40485957E-02  7.84884021E-03   1.5587505    
   13.246000      6.27270266E-02  3.81639972E-03   1.5587505    
   13.320000      6.14321753E-02  6.14161184E-03   1.5587505    
   13.394000      6.01677187E-02  4.93851164E-03   1.5587505    
   13.468000      5.89302629E-02  3.68869212E-03   1.5587505    
   13.542000      5.77144884E-02  4.04535886E-03   1.5587505    
   13.616000      5.65213859E-02  4.98851296E-03   1.5587505    
   13.690001      5.53548560E-02  5.11555467E-03   1.5587505    
   13.764000      5.42148985E-02  3.64825502E-03   1.5587505    
   13.838000      5.30982092E-02  5.80212148E-03   1.5587505    
   13.912001      5.20088635E-02  3.10313096E-03   1.5587505    
   13.986000      5.09390607E-02  3.18308547E-03   1.5587505    
   14.060000      4.98880520E-02  4.77209967E-03   1.5587505    
   14.134000      4.88615893E-02  4.60865023E-03   1.5587505    
   14.208000      4.78593744E-02  3.37591441E-03   1.5587505    
   14.282001      4.68783863E-02  5.14539704E-03   1.5587505    
   14.356000      4.59212027E-02  2.11138045E-03   1.5587505    
   14.430000      4.49796095E-02  3.50472890E-03   1.5587505    
   14.504000      4.40569893E-02  4.64501791E-03   1.5587505    
   14.578000      4.31577377E-02  3.53305414E-03   1.5587505    
   14.652000      4.22784984E-02  3.14979302E-03   1.5587505    
   14.726000      4.14177403E-02  4.10519727E-03   1.5587505    
   14.800000      4.05768044E-02  2.16056197E-03   1.5587505    
   14.874001      3.97506244E-02  3.42026073E-03   1.5587505    
   14.948000      3.89422104E-02  3.61290900E-03   1.5587505    
   15.022000      3.81533913E-02  3.60951852E-03   1.5587505    
   15.096001      3.73837017E-02  2.90865684E-03   1.5587505    
   15.170000      3.66308168E-02  3.15800891E-03   1.5587505    
   15.244000      3.58933955E-02  1.41329202E-03   1.5587505    
   15.318000      3.51676568E-02  3.97895277E-03   1.5587505    
   15.392000      3.44602726E-02  2.79194303E-03   1.5587505    
   15.466001      3.37698795E-02  3.46999615E-03   1.5587505    
   15.540000      3.30971703E-02  2.69460329E-03   1.5587505    
   15.614000      3.24390717E-02  1.76974665E-03   1.5587505    
   15.688000      3.17916572E-02  1.92370918E-03   1.5587505    
   15.762000      3.11562233E-02  3.67152877E-03   1.5587505    
   15.836000      3.05384602E-02  2.75182445E-03   1.5587505    
   15.910000      2.99352817E-02  1.29263557E-03   1.5587505    
   15.984000      2.93431040E-02  4.13957983E-03   1.5587505    
   16.058001      2.87680663E-02  9.29062080E-04   1.5587505    
   16.132000      2.82025393E-02  2.55688094E-03   1.5587505    
   16.205999      2.76490692E-02  2.05426896E-03   1.5587505    
   16.280001      2.71074530E-02  2.22956319E-03   1.5587505    
   16.354000      2.65777949E-02  2.11469969E-03   1.5587505    
   16.427999      2.60603577E-02  2.70206318E-03   1.5587505    
   16.502001      2.55562216E-02  1.66526961E-03   1.5587505    
   16.576000      2.50617061E-02  1.16381631E-03   1.5587505    
   16.650000      2.45758109E-02  3.12481285E-03   1.5587505    
   16.724001      2.41034441E-02  1.17324479E-03   1.5587505    
   16.798000      2.36399192E-02  1.85693754E-03   1.5587505    
   16.872000      2.31871884E-02  3.22611700E-03   1.5587505    
   16.946001      2.27473211E-02 -6.54586183E-04   1.5587505    
   17.020000      2.23110970E-02  3.37180216E-03   1.5587505    
   17.094000      2.18875222E-02  1.02723017E-03   1.5587505    
   17.167999      2.14725267E-02  1.91973313E-03   1.5587505    
   17.242001      2.10671294E-02  1.82197522E-03   1.5587505    
   17.316000      2.06714459E-02  1.42414880E-03   1.5587505    
   17.389999      2.02839747E-02  1.47981499E-03   1.5587505    
   17.464001      1.99040193E-02  9.02312342E-04   1.5587505    
   17.538000      1.95309538E-02  2.44949036E-03   1.5587505    
   17.612000      1.91683620E-02  7.75777095E-04   1.5587505    
   17.686001      1.88129749E-02  2.35161139E-03   1.5587505    
   17.760000      1.84674114E-02  5.71363780E-04   1.5587505    
   17.834000      1.81270912E-02  1.10809470E-03   1.5587505    
   17.908001      1.77926794E-02  1.47938996E-03   1.5587505    
   17.982000      1.74661539E-02  1.60604704E-03   1.5587505    
   18.056000      1.71480924E-02  1.37035490E-03   1.5587505    
   18.130001      1.68372486E-02  8.29740486E-04   1.5587505    
   18.204000      1.65321026E-02  1.54497870E-03   1.5587505    
   18.278000      1.62338614E-02  5.56017621E-04   1.5587505    
   18.352001      1.59402825E-02  1.34758977E-03   1.5587505    
   18.426001      1.56533793E-02  1.35989918E-03   1.5587505    
   18.500000      1.53734423E-02  8.45843111E-04   1.5587505    
   18.573999      1.50992684E-02  1.57131616E-03   1.5587505    
   18.648001      1.48320403E-02  4.86914621E-04   1.5587505    
   18.722000      1.45688485E-02  8.96068173E-04   1.5587505    
   18.796000      1.43107837E-02  1.54643238E-03   1.5587505    
   18.870001      1.40595986E-02  4.63337812E-04   1.5587505    
   18.944000      1.38129834E-02  1.60043198E-03   1.5587505    
   19.018000      1.35730105E-02  4.12844267E-04   1.5587505    
   19.092001      1.33371036E-02  1.21012190E-03   1.5587505    
   19.166000      1.31059727E-02 -2.71706376E-05   1.5587505    
   19.240000      1.28776059E-02  1.92728371E-03   1.5587505    
   19.314001      1.26567697E-02  5.75578480E-04   1.5587505    
   19.388000      1.24402260E-02  4.67378995E-04   1.5587505    
   19.462000      1.22268479E-02  1.02343666E-03   1.5587505    
   19.535999      1.20184906E-02  9.40165424E-04   1.5587505    
   19.610001      1.18150078E-02  5.62648580E-04   1.5587505    
   19.684000      1.16152847E-02  9.23035783E-04   1.5587505    
   19.757999      1.14197694E-02  3.55631841E-04   1.5587505    
   19.832001      1.12273535E-02  1.05590420E-03   1.5587505    
   19.906000      1.10397926E-02  7.34894827E-04   1.5587505    
   19.980000      1.08563071E-02  4.70049039E-04   1.5587505    
   20.054001      1.06759937E-02  8.65626731E-04   1.5587505    
   20.128000      1.04994243E-02  1.64528377E-04   1.5587505    
   20.202000      1.03252754E-02  1.12843618E-03   1.5587505    
   20.276001      1.01559181E-02  5.76696242E-04   1.5587505    
   20.350000      9.99064371E-03  1.03361334E-03   1.5587505    
   20.424000      9.82926134E-03 -4.46651713E-04   1.5587505    
   20.498001      9.66834463E-03  1.26775762E-03   1.5587505    
   20.572001      9.51203052E-03  4.14131908E-04   1.5587505    
   20.646000      9.35881026E-03  4.65674384E-04   1.5587505    
   20.720001      9.20841843E-03  8.26493197E-04   1.5587505    
   20.794001      9.06199403E-03  5.71197597E-04   1.5587505    
   20.868000      8.91842972E-03  2.25445838E-05   1.5587505    
   20.941999      8.77617858E-03  7.77472393E-04   1.5587505    
   21.016001      8.63701012E-03  2.49163364E-04   1.5587505    
   21.090000      8.50044005E-03  1.06898102E-03   1.5587505    
   21.164000      8.36816523E-03  1.81266078E-04   1.5587505    
   21.238001      8.23790953E-03  4.21965146E-04   1.5587505    
   21.312000      8.10964964E-03  3.14010365E-04   1.5587505    
   21.386000      7.98373763E-03  8.94569210E-04   1.5587505    
   21.460001      7.86126219E-03 -1.23388469E-04   1.5587505    
   21.534000      7.73969898E-03  5.95044403E-04   1.5587505    
   21.608000      7.62070343E-03  5.56617277E-04   1.5587505    
   21.682001      7.50480639E-03  5.76775055E-04   1.5587505    
   21.756001      7.39140669E-03 -1.30672735E-04   1.5587505    
   21.830000      7.27895601E-03  9.85761639E-04   1.5587505    
   21.903999      7.16979383E-03 -2.09136153E-04   1.5587505    
   21.978001      7.06165330E-03  9.73263755E-04   1.5587505    
   22.052000      6.95678080E-03 -1.06240244E-04   1.5587505    
   22.125999      6.85308501E-03  7.41048134E-04   1.5587505    
   22.200001      6.75182976E-03 -1.81013063E-04   1.5587505    
   22.274000      6.65131165E-03  7.87824043E-04   1.5587505    
   22.348000      6.55371090E-03  2.26296455E-04   1.5587505    
   22.422001      6.45804405E-03  4.28653701E-04   1.5587505    
   22.496000      6.36426732E-03  1.27378124E-04   1.5587505    
   22.570000      6.27167057E-03  3.54752672E-04   1.5587505    
   22.644001      6.18078839E-03  3.34808050E-04   1.5587505    
   22.718000      6.09190296E-03  4.91285464E-04   1.5587505    
   22.792000      6.00510044E-03 -1.76941976E-05   1.5587505    
   22.866001      5.91898942E-03  3.39599792E-04   1.5587505    
   22.940001      5.83437644E-03  2.98255211E-04   1.5587505    
   23.014000      5.75175043E-03  6.44530053E-04   1.5587505    
   23.088001      5.67140849E-03 -3.71464062E-04   1.5587505    
   23.162001      5.59108797E-03  8.62529036E-04   1.5587505    
   23.236000      5.51343104E-03 -1.60140320E-04   1.5587505    
   23.309999      5.43631613E-03  3.71934497E-04   1.5587505    
   23.384001      5.36068063E-03  2.95514008E-04   1.5587505    
   23.458000      5.28663024E-03  1.80665636E-04   1.5587505    
   23.532000      5.21415751E-03  7.10482185E-04   1.5587505    
   23.606001      5.14371553E-03 -7.95517059E-04   1.5587505    
   23.680000      5.07204095E-03  1.11904379E-03   1.5587505    
   23.754000      5.00357337E-03 -1.66710262E-04   1.5587505    
   23.828001      4.93586296E-03  3.79338482E-04   1.5587505    
   23.902000      4.86959517E-03  2.28120000E-04   1.5587505    
   23.976000      4.80464427E-03  1.51107553E-04   1.5587505    
   24.050001      4.74041188E-03 -4.34623071E-05   1.5587505    
   24.124001      4.67686215E-03  7.68924190E-04   1.5587505    
   24.198000      4.61561186E-03 -5.12725324E-04   1.5587505    
   24.271999      4.55389218E-03  7.67665566E-04   1.5587505    
   24.346001      4.49473085E-03  2.46886280E-04   1.5587505    
   24.420000      4.43696138E-03 -2.31843573E-04   1.5587505    
   24.493999      4.37863218E-03  6.71929884E-05   1.5587505    
   24.568001      4.32090089E-03  6.19819213E-04   1.5587505    
   24.642000      4.26570419E-03  2.29037643E-04   1.5587505    
   24.716000      4.21169773E-03 -2.31822953E-04   1.5587505    
   24.790001      4.15733736E-03  3.12017190E-04   1.5587505    
   24.864000      4.10434464E-03  4.80751682E-04   1.5587505    
   24.938000      4.05309768E-03 -3.22174164E-04   1.5587505    
   25.012001      4.00143582E-03  3.54797405E-04   1.5587505    
   25.086000      3.95092601E-03  1.63819233E-04   1.5587505    
   25.160000      3.90142528E-03  9.55906871E-05   1.5587505    
   25.234001      3.85262189E-03  2.19256937E-04   1.5587505    
   25.308001      3.80501244E-03  3.34214274E-04   1.5587505    
   25.382000      3.75878694E-03 -3.97136355E-05   1.5587505    
   25.456001      3.71251954E-03 -2.19966212E-04   1.5587505    
   25.530001      3.66596994E-03  6.09085080E-04   1.5587505    
   25.604000      3.62150068E-03  6.30735158E-05   1.5587505    
   25.677999      3.57780210E-03 -1.69522100E-05   1.5587505    
   25.752001      3.53464345E-03  5.97551698E-04   1.5587505    
   25.826000      3.49310855E-03 -5.95335034E-04   1.5587505    
   25.900000      3.45017598E-03  2.52337137E-04   1.5587505    
   25.974001      3.40810954E-03  5.36171021E-04   1.5587505    
   26.048000      3.36813275E-03 -1.08593362E-04   1.5587505    
   26.122000      3.32828821E-03  4.31076478E-05   1.5587505    
   26.196001      3.28900060E-03  5.47492295E-04   1.5587505    
   26.270000      3.25127295E-03 -5.24949282E-04   1.5587505    
   26.344000      3.21251550E-03  4.23934107E-04   1.5587505    
   26.418001      3.17494385E-03  1.29544700E-04   1.5587505    
   26.492001      3.13825370E-03  2.26692391E-05   1.5587505    
   26.566000      3.10188811E-03  1.35408001E-04   1.5587505    
   26.639999      3.06598097E-03 -6.19799903E-05   1.5587505    
   26.714001      3.03049502E-03  5.75004844E-04   1.5587505    
   26.788000      2.99676158E-03 -3.18822742E-04   1.5587505    
   26.862000      2.96254759E-03  1.73729975E-04   1.5587505    
   26.936001      2.92882649E-03  1.64918500E-04   1.5587505    
   27.010000      2.89587933E-03  1.36316994E-05   1.5587505    
   27.084000      2.86318571E-03  5.83750370E-05   1.5587505    
   27.158001      2.83096079E-03  2.67313502E-04   1.5587505    
   27.232000      2.79986486E-03  1.08493252E-04   1.5587505    
   27.306000      2.76911492E-03 -3.22186417E-04   1.5587505    
   27.380001      2.73758918E-03  3.31111660E-04   1.5587505    
   27.454000      2.70716636E-03  2.05315300E-04   1.5587505    
   27.528000      2.67782854E-03  3.64605294E-05   1.5587505    
   27.602001      2.64884648E-03  3.94744420E-05   1.5587505    
   27.676001      2.62006349E-03  2.29422658E-05   1.5587505    
   27.750000      2.59150891E-03  1.19023905E-04   1.5587505    
   27.824001      2.56335433E-03 -5.99612613E-05   1.5587505    
   27.898001      2.53548869E-03  4.36622271E-04   1.5587505    
   27.972000      2.50891037E-03 -2.75999308E-04   1.5587505    
   28.046000      2.48197746E-03  2.78835651E-04   1.5587505    
   28.120001      2.45574862E-03 -6.71502858E-05   1.5587505    
   28.194000      2.42946600E-03 -6.99101656E-05   1.5587505    
   28.268000      2.40321155E-03  3.77659337E-04   1.5587505    
   28.342001      2.37826817E-03 -3.49114725E-06   1.5587505    
   28.416000      2.35361722E-03 -4.39859396E-05   1.5587505    
   28.490000      2.32870528E-03 -1.06547915E-04   1.5587505    
   28.564001      2.30389833E-03  5.85925067E-04   1.5587505    
   28.638000      2.28079129E-03 -3.75289761E-04   1.5587505    
   28.712000      2.25693826E-03  9.78454627E-05   1.5587505    
   28.786001      2.23323773E-03  1.51668180E-04   1.5587505    
   28.860001      2.21034419E-03  1.79030729E-04   1.5587505    
   28.934000      2.18806369E-03 -1.96074776E-04   1.5587505    
   29.007999      2.16551661E-03  3.13161872E-04   1.5587505    
   29.082001      2.14376184E-03 -1.87815967E-04   1.5587505    
   29.156000      2.12175283E-03  1.58905154E-04   1.5587505    
   29.230000      2.10014707E-03 -5.94831363E-06   1.5587505    
   29.304001      2.07894319E-03  3.05807102E-04   1.5587505    
   29.378000      2.05862569E-03 -2.46674375E-04   1.5587505    
   29.452000      2.03784415E-03  1.72447893E-04   1.5587505    
   29.526001      2.01741396E-03 -5.75798913E-05   1.5587505    
   29.600000      1.99701521E-03  9.17331781E-05   1.5587505    
   29.674000      1.97703205E-03  1.46027436E-04   1.5587505    
   29.748001      1.95752177E-03 -1.57157672E-04   1.5587505    
   29.822001      1.93793804E-03  4.01567726E-04   1.5587505    
   29.896000      1.91949797E-03 -1.95992092E-04   1.5587505    
   29.970001      1.90088560E-03  1.94146487E-04   1.5587505    
   30.044001      1.88265869E-03 -1.58781841E-04   1.5587505    
   30.118000      1.86393515E-03 -1.03179431E-04   1.5587505    
   30.192001      1.84496178E-03  2.98294966E-04   1.5587505    
   30.266001      1.82718260E-03  2.17934226E-04   1.5587505    
   30.340000      1.81013509E-03 -3.68334848E-04   1.5587505    
   30.414000      1.79229025E-03  3.81765218E-04   1.5587505    
   30.488001      1.77543738E-03 -7.13531044E-05   1.5587505    
   30.562000      1.75863947E-03 -3.66279673E-05   1.5587505    
   30.636000      1.74170756E-03  7.10471650E-05   1.5587505    
   30.710001      1.72494701E-03 -5.93259902E-05   1.5587505    
   30.784000      1.70840742E-03  4.07888612E-04   1.5587505    
   30.858000      1.69278285E-03 -5.69628435E-04   1.5587505    
   30.932001      1.67595188E-03  5.49239863E-04   1.5587505    
   31.006001      1.66060717E-03  7.03126716E-07   1.5587505    
   31.080000      1.64548238E-03 -3.11096723E-04   1.5587505    
   31.154001      1.62953034E-03  3.37719801E-04   1.5587505    
   31.228001      1.61443732E-03 -9.89982800E-05   1.5587505    
   31.302000      1.59946410E-03  1.89529514E-04   1.5587505    
   31.375999      1.58494047E-03 -1.66493759E-04   1.5587505    
   31.450001      1.56998402E-03  2.61898094E-06   1.5587505    
   31.524000      1.55511370E-03  2.49992358E-04   1.5587505    
   31.598000      1.54111173E-03 -5.11391372E-05   1.5587505    
   31.672001      1.52716681E-03  1.74630259E-05   1.5587505    
   31.746000      1.51313446E-03 -1.14902272E-04   1.5587505    
   31.820000      1.49904157E-03  3.75817122E-04   1.5587505    
   31.894001      1.48602575E-03 -2.07854464E-04   1.5587505    
   31.968000      1.47248351E-03 -1.21578989E-04   1.5587505    
   32.042000      1.45856140E-03  2.77950836E-04   1.5587505    
   32.116001      1.44536700E-03 -1.92501087E-04   1.5587505    
   32.189999      1.43200869E-03  3.11703887E-04   1.5587505    
   32.264000      1.41959556E-03 -1.79538401E-05   1.5587505    
   32.338001      1.40728697E-03 -1.25348510E-04   1.5587505    
   32.411999      1.39457767E-03  7.95919186E-05   1.5587505    
   32.486000      1.38210249E-03  6.42047671E-05   1.5587505    
   32.560001      1.36982033E-03 -1.24931001E-04   1.5587505    
   32.633999      1.35723350E-03  1.01000049E-04   1.5587505    
   32.708000      1.34524016E-03  3.71898816E-04   1.5587505    
   32.782001      1.33422250E-03 -5.19593654E-04   1.5587505    
   32.855999      1.32187002E-03  2.43241593E-04   1.5587505    
   32.930000      1.31004711E-03  1.27550476E-04   1.5587505    
   33.004002      1.29893923E-03  2.99732710E-05   1.5587505    
   33.077999      1.28785835E-03 -2.18486064E-04   1.5587505    
   33.152000      1.27605675E-03  5.49099350E-05   1.5587505    
   33.226002      1.26467249E-03  4.56115638E-04   1.5587505    
   33.299999      1.25465263E-03 -3.85019026E-04   1.5587505    
   33.374001      1.24368921E-03  5.07125369E-05   1.5587505    
   33.448002      1.23273628E-03  1.93648943E-04   1.5587505    
   33.521999      1.22241047E-03 -1.38763280E-04   1.5587505    
   33.596001      1.21176639E-03  1.32597197E-05   1.5587505    
   33.670002      1.20112801E-03  9.19741433E-05   1.5587505    
   33.743999      1.19086460E-03  2.91158867E-05   1.5587505    
   33.818001      1.18089106E-03  1.09749890E-04   1.5587505    
   33.892002      1.17116282E-03 -1.99366012E-04   1.5587505    
   33.966000      1.16100605E-03  2.17617417E-04   1.5587505    
   34.040001      1.15134404E-03 -1.28427084E-04   1.5587505    
   34.114002      1.14158378E-03  1.88437800E-04   1.5587505    
   34.188000      1.13225810E-03 -1.49692700E-04   1.5587505    
   34.262001      1.12266222E-03  1.14809023E-04   1.5587505    
   34.335999      1.11316284E-03 -2.04339522E-04   1.5587505    
   34.410000      1.10338512E-03  3.98097152E-04   1.5587505    
   34.484001      1.09464966E-03 -2.46088748E-04   1.5587505    
   34.557999      1.08557590E-03  2.15069507E-04   1.5587505    
   34.632000      1.07672112E-03 -3.73744697E-04   1.5587505    
   34.706001      1.06719241E-03  5.41518559E-04   1.5587505    
   34.779999      1.05898350E-03 -3.46713874E-04   1.5587505    
   34.854000      1.05012511E-03  1.34187707E-04   1.5587505    
   34.928001      1.04160246E-03  1.77819282E-04   1.5587505    
   35.001999      1.03350217E-03 -3.83170118E-04   1.5587505    
   35.076000      1.02455216E-03  4.24296217E-04   1.5587505    
   35.150002      1.01642695E-03 -4.10318520E-04   1.5587505    
   35.223999      1.00752653E-03  3.67091823E-04   1.5587505    
   35.298000      9.99478856E-04 -1.23221049E-04   1.5587505    
   35.372002      9.91462148E-04  1.59721123E-04   1.5587505    
   35.445999      9.83642531E-04 -3.00160900E-04   1.5587505    
   35.520000      9.75291652E-04  4.59263974E-04   1.5587505    
   35.594002      9.67937463E-04 -4.44870646E-04   1.5587505    
   35.667999      9.59680183E-04  3.30249663E-04   1.5587505    
   35.742001      9.52099974E-04 -1.33815935E-04   1.5587505    
   35.816002      9.44590662E-04  2.82692228E-04   1.5587505    
   35.889999      9.37604869E-04 -4.23744670E-04   1.5587505    
   35.964001      9.29594273E-04  2.89823656E-04   1.5587505    
   36.038002      9.22275067E-04  2.19729754E-05   1.5587505    
   36.112000      9.15209530E-04 -1.00184319E-04   1.5587505    
   36.186001      9.07879090E-04  8.89126095E-05   1.5587505    
   36.260002      9.00675135E-04 -1.16882817E-04   1.5587505    
   36.334000      8.93293007E-04  1.82983378E-04   1.5587505    
   36.408001      8.86455236E-04 -1.81941541E-05   1.5587505    
   36.482002      8.79761530E-04  4.76366404E-05   1.5587505    
   36.556000      8.73034529E-04 -2.09217236E-04   1.5587505    
   36.630001      8.65898619E-04  3.41571547E-04   1.5587505    
   36.704002      8.59541760E-04 -3.03500448E-04   1.5587505    
   36.778000      8.52575002E-04  2.03778080E-04   1.5587505    
   36.852001      8.45987001E-04 -9.62270860E-05   1.5587505    
   36.925999      8.39234039E-04   0.0000000       1.5587505    
   37.000000      8.32729973E-04   0.0000000       1.5587505    
